
training inputs
[0,	0,	0,	0,	0,	0,	0,	0,	0,	0],
[0,	0,	0,	0,	0,	0,	0,	0,	0,	1],
[0,	0,	0,	0,	0,	0,	0,	0,	1,	0],
[0,	0,	0,	0,	0,	0,	0,	0,	1,	1],
[0,	0,	0,	0,	0,	0,	0,	1,	0,	0],
[0,	0,	0,	0,	0,	0,	0,	1,	0,	1],
[0,	0,	0,	0,	0,	0,	0,	1,	1,	0],
[0,	0,	0,	0,	0,	0,	0,	1,	1,	1],
[0,	0,	0,	0,	0,	0,	1,	0,	0,	0],
[0,	0,	0,	0,	0,	0,	1,	0,	0,	1],
[0,	0,	0,	0,	0,	0,	1,	0,	1,	0],
[0,	0,	0,	0,	0,	0,	1,	0,	1,	1],
[0,	0,	0,	0,	0,	0,	1,	1,	0,	0],
[0,	0,	0,	0,	0,	0,	1,	1,	0,	1],
[0,	0,	0,	0,	0,	0,	1,	1,	1,	0],
[0,	0,	0,	0,	0,	0,	1,	1,	1,	1],
[0,	0,	0,	0,	0,	1,	0,	0,	0,	0],
[0,	0,	0,	0,	0,	1,	0,	0,	0,	1],
[0,	0,	0,	0,	0,	1,	0,	0,	1,	0],
[0,	0,	0,	0,	0,	1,	0,	0,	1,	1],
[0,	0,	0,	0,	0,	1,	0,	1,	0,	0],
[0,	0,	0,	0,	0,	1,	0,	1,	0,	1],
[0,	0,	0,	0,	0,	1,	0,	1,	1,	0],
[0,	0,	0,	0,	0,	1,	0,	1,	1,	1],
[0,	0,	0,	0,	0,	1,	1,	0,	0,	0],
[0,	0,	0,	0,	0,	1,	1,	0,	0,	1],
[0,	0,	0,	0,	0,	1,	1,	0,	1,	0],
[0,	0,	0,	0,	0,	1,	1,	0,	1,	1],
[0,	0,	0,	0,	0,	1,	1,	1,	0,	0],
[0,	0,	0,	0,	0,	1,	1,	1,	0,	1],
[0,	0,	0,	0,	0,	1,	1,	1,	1,	0],
[0,	0,	0,	0,	0,	1,	1,	1,	1,	1],
[0,	0,	0,	0,	1,	0,	0,	0,	0,	0],
[0,	0,	0,	0,	1,	0,	0,	0,	0,	1],
[0,	0,	0,	0,	1,	0,	0,	0,	1,	0],
[0,	0,	0,	0,	1,	0,	0,	0,	1,	1],
[0,	0,	0,	0,	1,	0,	0,	1,	0,	0],
[0,	0,	0,	0,	1,	0,	0,	1,	0,	1],
[0,	0,	0,	0,	1,	0,	0,	1,	1,	0],
[0,	0,	0,	0,	1,	0,	0,	1,	1,	1],
[0,	0,	0,	0,	1,	0,	1,	0,	0,	0],
[0,	0,	0,	0,	1,	0,	1,	0,	0,	1],
[0,	0,	0,	0,	1,	0,	1,	0,	1,	0],
[0,	0,	0,	0,	1,	0,	1,	0,	1,	1],
[0,	0,	0,	0,	1,	0,	1,	1,	0,	0],
[0,	0,	0,	0,	1,	0,	1,	1,	0,	1],
[0,	0,	0,	0,	1,	0,	1,	1,	1,	0],
[0,	0,	0,	0,	1,	0,	1,	1,	1,	1],
[0,	0,	0,	0,	1,	1,	0,	0,	0,	0],
[0,	0,	0,	0,	1,	1,	0,	0,	0,	1]


real outputs
[0,	1,	0,	1]
[1,	0,	1,	0]
[1,	0,	1,	0]
[0,	1,	0,	1]
[1,	0,	1,	0]
[0,	1,	0,	1]
[0,	1,	0,	1]
[1,	0,	0,	1]
[1,	0,	1,	0]
[0,	1,	0,	1]
[0,	1,	0,	1]
[1,	0,	0,	1]
[0,	1,	0,	1]
[1,	0,	0,	1]
[1,	0,	0,	1]
[0,	1,	0,  1]
[1,	0,	1,	0]
[0,	1,	0,	1]
[0,	1,	0,	1]
[1,	0,	0,	1]
[0,	1,	0,	1]
[1,	0,	0,	1]
[1,	0,	0,	1]
[0,	1,	0,	1]
[0,	1,	0,	1]
[1,	0,	0,	1]
[1,	0,	0,	1]
[0,	1,	0,	1]
[1,	0,	0,	1]
[0,	1,	0,	1]
[0,	1,	0,	1]
[1,	0,	0,	1]
[1,	0,	1,	0]
[0,	1,	0,	1]
[0,	1,	0,	1]
[1,	0,	0,	1]
[0,	1,	0,	1]
[1,	0,	0,	1]
[1,	0,	0,	1]
[0,	1,	0,	1]
[0,	1,	0,	1]
[1,	0,	0,	1]
[1,	0,	0,	1]
[0,	1,	0,	1]
[1,	0,	0,	1]
[0,	1,	0,	1]
[0,	1,	0,	1]
[1,	0,	0,	1]
[0,	1,	0,	1]
[1,	0,	0,	1]




